Analytical solution:

starting time (s): 08/14/23 13:32:54.197418630 UTC

T': 0	 T'': 98	 max batch processing time: 100

batch processing time: 98

Production:

P0 = 3626
P1 = 2548
P2 = 1176
P3 = 3234
P4 = 3136
P5 = 3626
P6 = 1176
P7 = 3822
P8 = 3822
P9 = 1078
P10 = 3038
P11 = 1764
P12 = 3234
P13 = 3528
P14 = 2548
P15 = 2352
P16 = 2548
P17 = 3332
P18 = 2352
P19 = 1274
P20 = 1568
P21 = 1274
P22 = 2156
P23 = 2842
P24 = 3332
P25 = 2352
P26 = 2646
P27 = 3136
P28 = 3528
P29 = 1372
P30 = 3038
P31 = 3038
P32 = 3626
P33 = 1568
P34 = 3822
P35 = 1176
P36 = 980
P37 = 1960
P38 = 1764
P39 = 1078
P40 = 2352
P41 = 2254
P42 = 3332
P43 = 1274
P44 = 1862
P45 = 2646
P46 = 3332
P47 = 3822
P48 = 1764
P49 = 2744

Delivered:

D0 = 2715
D1 = 1292
D2 = 1176
D3 = 3234
D4 = 1536
D5 = 1229
D6 = 1176
D7 = 3602
D8 = 1967
D9 = 1078
D10 = 2719
D11 = 1764
D12 = 1326
D13 = 1673
D14 = 2548
D15 = 1127
D16 = 1529
D17 = 3332
D18 = 2352
D19 = 1274
D20 = 1568
D21 = 1274
D22 = 860
D23 = 1812
D24 = 1339
D25 = 2178
D26 = 1702
D27 = 3136
D28 = 2241
D29 = 1372
D30 = 1917
D31 = 3038
D32 = 1656
D33 = 1568
D34 = 3424
D35 = 1176
D36 = 980
D37 = 1949
D38 = 1764
D39 = 1078
D40 = 2352
D41 = 2254
D42 = 3332
D43 = 1274
D44 = 1862
D45 = 2028
D46 = 921
D47 = 2037
D48 = 1228
D49 = 2744

Delivered to outlets:

O0 = 911
O1 = 1256
O2 = 0
O3 = 0
O4 = 1600
O5 = 980
O6 = 0
O7 = 220
O8 = 1110
O9 = 0
O10 = 319
O11 = 0
O12 = 1908
O13 = 855
O14 = 0
O15 = 1225
O16 = 1019
O17 = 0
O18 = 0
O19 = 0
O20 = 0
O21 = 0
O22 = 1296
O23 = 1030
O24 = 980
O25 = 174
O26 = 944
O27 = 0
O28 = 1287
O29 = 0
O30 = 1121
O31 = 0
O32 = 1471
O33 = 0
O34 = 398
O35 = 0
O36 = 0
O37 = 11
O38 = 0
O39 = 0
O40 = 0
O41 = 0
O42 = 0
O43 = 0
O44 = 0
O45 = 618
O46 = 715
O47 = 1785
O48 = 536
O49 = 0

Leftover inventory in outlets: 48306

Stocked at factory:

I0 = 0
I1 = 0
I2 = 0
I3 = 0
I4 = 0
I5 = 1417
I6 = 0
I7 = 0
I8 = 745
I9 = 0
I10 = 0
I11 = 0
I12 = 0
I13 = 1000
I14 = 0
I15 = 0
I16 = 0
I17 = 0
I18 = 0
I19 = 0
I20 = 0
I21 = 0
I22 = 0
I23 = 0
I24 = 1013
I25 = 0
I26 = 0
I27 = 0
I28 = 0
I29 = 0
I30 = 0
I31 = 0
I32 = 499
I33 = 0
I34 = 0
I35 = 0
I36 = 0
I37 = 0
I38 = 0
I39 = 0
I40 = 0
I41 = 0
I42 = 0
I43 = 0
I44 = 0
I45 = 0
I46 = 1696
I47 = 0
I48 = 0
I49 = 0

Leftover inventory in factory: 40780


Adjusting production distribution:


finishing time (s): 08/14/23 13:32:54.198551574 UTC

execution time (s): 0.00113294
